4.88207e-06
5.34292e-06
1.69082e-06
1.55009e-06
3.39187e-07
2.68825e-06
7.375e-07
5.93716e-06
2.59004e-05
3.40659e-06
4.65155e-06
3.75031e-06
3.86251e-06
1.97485e-06
4.99501e-07
2.01593e-07
1.03448e-06
7.68314e-06
1.46759e-05
1.81116e-07
4.68716e-07
7.57055e-07
2.85102e-06
6.29751e-07
2.63682e-07
5.5522e-07
5.38153e-07
1.20324e-06
9.18105e-07
1.23966e-06
1.66507e-05
2.0483e-06
9.74192e-06
1.37851e-06
2.93372e-07
7.57923e-08
2.54588e-07
4.20036e-07
5.94735e-07
2.46058e-06
4.53045e-06
1.06017e-05
8.25439e-07
5.90213e-06
2.48331e-06
1.19767e-06
8.61923e-08
2.16226e-05
7.00787e-07
1.74801e-07
1.39543e-07
7.40584e-08
7.86047e-06
4.99713e-07
7.12237e-07
5.81493e-07
1.28161e-06
1.90301e-07
1.46397e-07
2.52421e-07
4.78284e-07
8.15515e-07
6.45408e-07
2.74096e-07
6.23344e-07
1.35432e-06
1.74001e-07
7.25074e-06
3.41501e-07
4.83095e-07
2.40597e-07
1.11366e-06
3.65124e-07
5.9002e-07
2.4037e-06
4.72752e-06
7.83426e-07
1.20324e-06
8.35615e-07
5.00928e-06
4.62262e-06
6.60152e-07
5.49205e-07
4.35585e-06
4.00102e-06
9.76626e-06
3.49434e-06
3.07968e-06
1.38692e-06
9.64507e-07
7.54589e-06
1.30247e-06
5.50439e-07
7.22818e-07
4.1099e-07
2.21493e-05
1.25572e-06
3.03771e-05
4.03952e-07
1.88338e-07
3.82808e-06
3.40286e-07
6.10402e-07
2.98397e-06
3.45712e-06
1.27233e-07
1.11315e-07
5.08482e-06
1.56595e-06
0.00505197
0.0146437
6.34161e-05
0.000678465
4.87787e-07
3.92782e-06
3.42603e-07
1.6023e-06
9.84363e-07
1.43224e-06
4.51503e-06
6.99621e-05
7.19099e-05
2.54055e-05
5.4039e-07
5.49969e-07
1.31033e-07
1.31457e-06
1.75683e-07
6.10459e-08
3.48245e-07
2.05576e-07
2.2404e-07
4.15803e-07
1.21317e-05
6.45205e-07
6.32609e-06
5.92899e-07
9.48433e-08
5.44562e-07
4.36521e-07
2.6899e-07
2.85285e-07
1.92905e-06
2.20334e-06
4.56627e-06
1.09805e-06
4.71347e-07
2.19499e-06
1.45493e-07
5.52959e-07
5.76596e-07
4.27101e-07
3.03781e-07
4.05908e-07
2.67177e-06
2.89359e-07
2.93081e-07
2.7481e-07
1.41576e-06
2.32855e-06
1.55688e-05
7.82232e-07
3.07332e-06
1.18985e-05
7.3917e-07
3.56022e-06
2.51839e-05
0.000244947
1.00088e-06
9.52463e-06
1.42915e-06
6.3722e-07
1.6716e-07
6.22324e-08
2.59776e-06
4.88057e-07
7.99234e-06
5.30984e-06
6.32812e-05
3.40317e-06
4.26693e-07
6.81612e-07
2.79424e-06
1.40733e-07
8.84474e-05
4.51124e-07
0.000182315
3.47165e-07
1.14558e-05
0.00138611
5.96448e-06
6.67662e-07
0.000504425
0.000696421
0.000346401
0.00494709
0.000531064
1.04308e-05
2.01015e-05
0.213752
0.252484
0.00368985
0.0278901
0.0377529
0.045881
0.00350279
0.00886035
0.260015
0.00100588
0.0272192
4.06035e-06
2.43665e-06
1.08456e-05
1.32251e-05
6.91257e-06
2.7323e-05
4.6674e-06
1.43069e-05
9.13998e-06
3.30375e-07
0.000975966
4.69484e-05
4.21906e-07
1.03515e-06
8.68638e-07
6.7499e-07
9.92125e-07
2.0703e-07
2.29665e-06
4.8955e-07
1.05382e-06
1.1651e-05
1.4888e-05
1.42927e-05
1.24021e-05
2.59977e-06
1.03663e-06
5.53443e-06
1.84176e-06
1.77005e-06
9.56956e-06
7.60897e-07
1.11665e-06
7.1306e-07
2.76428e-05
5.75265e-07
1.05022e-05
5.92422e-06
1.95688e-06
1.11261e-06
6.5028e-07
1.51264e-07
6.47117e-07
0.00527923
0.0307636
0.00155095
0.0141397
2.70591e-05
0.0111491
1.63471e-05
2.98183e-05
3.49949e-05
5.59291e-06
3.28093e-06
0.000134517
6.14869e-05
4.25659e-06
2.48026e-06
1.72952e-06
2.86682e-07
1.81128e-06
3.23502e-06
1.44146e-06
8.38875e-05
1.69229e-06
1.2989e-05
4.97786e-05
1.35754e-06
3.35566e-05
0.00953214
0.00110688
0.000164519
0.000113323
2.55799e-05
7.01895e-06
8.51492e-06
1.59623e-05
2.11485e-06
1.80732e-05
9.4223e-07
9.94262e-07
8.38548e-06
1.15169e-06
1.35759e-05
4.78802e-05
1.36792e-05
0.000389037
2.51267e-05
2.91318e-06
5.71185e-06
7.2756e-05
8.52818e-05
7.59121e-06
0.000102047
3.38956e-05
0.000119639
7.59693e-05
0.000177876
1.14837e-07
4.8324e-08
0.000458355
0.000219403
2.17687e-06
3.54503e-06
8.71436e-07
5.934e-06
2.00312e-06
1.02124e-06
5.72256e-07
3.46756e-06
7.86302e-07
2.07507e-06
2.77496e-05
1.63425e-07
1.10593e-06
1.74883e-06
3.89974e-07
1.4796e-05
3.51951e-07
1.59448e-06
6.24592e-07
1.48664e-06
6.41068e-07
4.06541e-07
5.80042e-06
6.41335e-06
1.84529e-06
2.17696e-05
4.39568e-08
1.25974e-06
5.54421e-06
1.14951e-06
2.34171e-06
4.13826e-06
1.62063e-05
3.19248e-05
4.00975e-07
1.34433e-06
1.13242e-06
4.34753e-07
1.79216e-06
1.07326e-06
2.27571e-06
4.12139e-05
1.86091e-05
2.86283e-06
5.69946e-07
5.91855e-07
1.01275e-06
2.11174e-06
3.39893e-05
1.59801e-05
1.30687e-06
3.84439e-07
6.28555e-06
4.37389e-06
3.33719e-06
9.93832e-06
1.03003e-05
1.85964e-05
1.32187e-07
3.30554e-06
1.16271e-05
2.78532e-07
3.28887e-06
2.97976e-07
1.31896e-06
2.73983e-06
2.47684e-06
3.08673e-05
5.6757e-06
1.05416e-05
2.47192e-06
0.000269887
1.66864e-06
2.11009e-06
1.60029e-07
1.26555e-06
1.5209e-05
0.000230573
1.98541e-05
1.20326e-06
5.19048e-07
6.83788e-06
1.86527e-06
7.54116e-07
0.000216687
1.76506e-07
6.09571e-07
7.74538e-05
4.16972e-06
1.06512e-05
2.77572e-06
6.64844e-07
2.30611e-06
1.90394e-06
0.000123114
3.82345e-07
1.89905e-06
1.9077e-06
7.28887e-06
5.65749e-06
4.90435e-06
1.77362e-06
2.15631e-06
4.59592e-06
1.70401e-07
5.28642e-05
1.70536e-06
9.93714e-06
2.9709e-06
7.85174e-07
5.16548e-06
5.84037e-06
5.13273e-07
1.34603e-06
1.82521e-06
5.10579e-06
3.43841e-06
1.5903e-06
1.89779e-06
1.56473e-07
4.90893e-06
1.27636e-06
1.11169e-06
8.06655e-06
2.13382e-05
1.64103e-06
2.83012e-06
0.000175856
6.34738e-06
0.000759683
2.66419e-06
5.40088e-07
6.50471e-07
3.23724e-06
1.67265e-06
2.77281e-06
1.94044e-06
2.67054e-06
4.43877e-07
9.85306e-07
2.74333e-05
2.59337e-06
4.97196e-06
1.50012e-06
6.97743e-07
4.26222e-07
9.8016e-07
1.15518e-07
3.91989e-06
1.99174e-05
5.17643e-06
2.81387e-06
4.68386e-05
3.93133e-06
3.31482e-07
3.40798e-06
3.39157e-05
3.67473e-07
9.04327e-08
2.49568e-06
7.08734e-07
8.64675e-05
6.0861e-07
1.02766e-06
8.86212e-06
3.69784e-06
8.93686e-07
1.79522e-06
5.83163e-06
5.53576e-06
4.44246e-07
8.70928e-07
1.44042e-06
3.93387e-06
1.43255e-06
4.68106e-07
6.92516e-06
0.000364936
1.21044e-05
2.21513e-06
2.7374e-06
2.83132e-06
4.91621e-06
8.22748e-06
1.52698e-06
2.73476e-05
4.37197e-07
6.09481e-06
1.0537e-06
1.76476e-06
3.67737e-07
7.12256e-06
2.67044e-06
5.53909e-07
1.59407e-06
6.18706e-07
1.41127e-06
1.26488e-06
5.66491e-07
2.79221e-06
1.62364e-06
9.28086e-07
3.08382e-06
1.98804e-07
9.72282e-06
1.4094e-06
4.17284e-07
2.02601e-07
2.53009e-06
4.69605e-07
1.44299e-06
2.9187e-06
2.49897e-06
2.90322e-06
6.27612e-07
1.06596e-05
1.44843e-05
8.40672e-07
9.62704e-06
0.00013171
1.54422e-06
2.35143e-06
1.79744e-05
6.56131e-06
1.80617e-06
7.15104e-06
1.4972e-06
1.00486e-06
1.82e-06
5.82735e-07
1.15339e-05
3.55861e-06
9.08258e-07
5.2414e-06
5.971e-06
9.43208e-07
5.50841e-06
3.00092e-07
3.1758e-06
1.22484e-05
4.52934e-05
2.83824e-05
9.70016e-06
1.74649e-06
1.34839e-06
1.69176e-07
8.33481e-07
2.54238e-05
1.83553e-07
2.64351e-06
6.21851e-07
8.89424e-07
2.20924e-06
4.00032e-07
1.18208e-06
2.30826e-06
1.36432e-06
0.000426275
1.93487e-06
2.5653e-05
3.99399e-05
5.16274e-06
6.75415e-07
2.67274e-05
7.84596e-06
1.22743e-06
1.90847e-06
5.69637e-07
7.03192e-05
1.98881e-05
1.83091e-06
2.91824e-07
2.49066e-06
6.5781e-06
7.33101e-06
2.28653e-06
5.28956e-06
7.77469e-07
2.60006e-06
1.66562e-06
2.6904e-06
1.49851e-06
1.67338e-06
5.65442e-06
8.17521e-06
4.28969e-06
4.00385e-07
1.09128e-06
4.54804e-06
5.72274e-06
1.87586e-06
8.4905e-06
4.02264e-07
2.60416e-07
1.07349e-06
2.82381e-06
3.00596e-06
6.33437e-07
2.38096e-06
1.51214e-06
1.62307e-06
5.94136e-07
4.71858e-06
1.54154e-05
2.60504e-06
2.05121e-06
8.42306e-07
1.56991e-07
2.27593e-05
1.38286e-06
3.34582e-06
7.83618e-06
7.0857e-07
8.88926e-07
3.33895e-06
3.43643e-06
1.60036e-06
2.24634e-06
6.66119e-07
5.80391e-06
2.95021e-07
4.68196e-07
0.000144066
0.00067166
1.0865e-06
3.00615e-07
9.20872e-05
2.9987e-06
3.25442e-06
3.35208e-06
4.19244e-06
1.20158e-06
6.95017e-07
5.95604e-05
8.14503e-05
6.77362e-06
1.9664e-07
3.36933e-05
3.30903e-07
1.95129e-06
1.34429e-06
5.81164e-07
1.01896e-07
8.72808e-07
2.13193e-06
1.36013e-06
1.58613e-06
7.60528e-07
5.26805e-05
5.03303e-07
5.39509e-07
3.10318e-06
1.98581e-05
2.1332e-06
2.37874e-06
4.58302e-06
0.000236048
1.36228e-06
2.87514e-06
8.27188e-06
1.70495e-06
4.80528e-07
3.32749e-07
1.09625e-06
8.83098e-06
1.84521e-05
7.08438e-05
1.79629e-06
2.56888e-06
7.17894e-06
2.45343e-06
8.25606e-06
3.85481e-06
2.1371e-06
3.53745e-06
1.75956e-06
7.48932e-07
0.000139328
1.45588e-05
1.56504e-05
7.85432e-05
1.85732e-06
6.54838e-06
7.2564e-07
3.08113e-05
4.97789e-06
1.41865e-06
0.000325276
2.42457e-06
2.68185e-07
4.8466e-06
2.13133e-06
1.55019e-05
8.97918e-07
7.6157e-06
3.08234e-06
1.92413e-06
1.1861e-05
4.03142e-05
1.33623e-06
1.64685e-07
2.10308e-06
3.28838e-05
9.80019e-05
2.05153e-06
1.15196e-05
2.82743e-06
6.80529e-07
1.61246e-05
2.02072e-05
9.39199e-06
1.43108e-05
2.93468e-07
2.22562e-06
2.22901e-06
7.50929e-05
1.08997e-06
1.41022e-05
9.16217e-07
1.71848e-06
8.03687e-07
1.91607e-05
7.84251e-05
3.44229e-07
6.71667e-07
2.09536e-07
1.47513e-06
6.551e-07
1.19068e-05
1.70523e-06
6.18267e-05
1.80981e-06
1.95585e-06
4.95066e-06
2.81207e-05
8.39358e-05
8.05523e-07
9.56373e-06
6.17442e-07
7.81724e-07
1.33412e-05
2.44718e-06
1.40535e-06
1.32237e-06
2.52499e-06
6.68996e-07
1.90343e-05
1.87331e-06
4.16108e-06
7.03238e-06
4.70208e-06
1.22478e-05
9.57033e-07
1.01556e-06
1.07599e-05
6.33333e-05
6.144e-06
7.08122e-06
2.43033e-06
1.82381e-06
2.40573e-05
1.68554e-05
3.52746e-06
3.16872e-06
1.3068e-05
2.23047e-06
4.04847e-06
1.1512e-06
1.47431e-06
1.372e-06
1.56985e-06
1.01717e-05
3.41101e-06
8.43616e-06
5.4975e-06
5.89425e-07
7.63407e-06
5.15775e-06
0.000122485
7.35504e-06
1.88482e-06
1.14528e-05
4.12013e-06
2.6956e-06
1.0038e-06
6.38706e-07
2.8991e-06
9.91175e-07
1.76235e-07
1.69573e-07
1.09621e-06
2.52385e-06
5.22271e-06
5.87225e-06
1.77625e-07
3.94286e-06
3.89837e-06
1.15924e-06
6.28794e-06
1.68566e-06
4.7842e-07
1.24861e-06
1.38405e-06
9.41288e-07
8.98294e-07
5.99916e-06
7.76089e-07
4.04538e-06
0.000113212
2.08448e-07
4.94801e-06
3.93687e-06
8.24189e-06
5.28168e-06
1.14208e-05
5.85276e-06
3.07035e-07
1.00737e-05
1.33974e-06
1.90398e-06
1.22583e-06
7.77871e-07
5.30756e-07
4.72651e-06
9.35466e-06
8.81378e-06
4.9071e-06
0.0003914
1.52953e-06
3.01364e-06
9.74811e-06
6.09619e-07
9.8848e-07
1.48351e-06
1.16865e-05
1.43862e-06
4.77035e-06
3.79812e-06
2.28122e-06
1.47289e-06
4.18941e-06
1.5311e-05
1.03301e-06
3.05334e-06
2.92634e-06
5.46656e-07
2.56245e-06
1.49057e-06
3.57886e-06
2.75881e-07
5.101e-07
8.85816e-07
2.38547e-06
8.80816e-07
2.80015e-06
7.10827e-05
3.15997e-06
2.54604e-06
9.46949e-07
4.21703e-06
6.73214e-07
1.2702e-06
9.07473e-06
5.57522e-05
9.14035e-07
2.86155e-06
7.28189e-06
1.12306e-06
4.15575e-07
8.66404e-07
4.94906e-07
1.79419e-06
9.3648e-06
9.32869e-06
4.09306e-06
8.98818e-07
1.71921e-05
1.45063e-05
4.02663e-06
1.43583e-05
3.47442e-07
3.04192e-06
1.32262e-05
4.50255e-06
0.000423451
1.1475e-05
2.1026e-06
5.79578e-06
5.98074e-07
1.19094e-06
3.53977e-06
2.1477e-06
1.44083e-05
8.28445e-06
5.60903e-06
1.20373e-06
4.32037e-06
5.22341e-08
3.40327e-06
7.25367e-06
4.18002e-06
3.32689e-05
1.08261e-06
1.2752e-06
7.49895e-06
6.10758e-06
3.2883e-06
4.38701e-06
5.73753e-06
1.75084e-06
3.43348e-06
1.01343e-05
1.97544e-05
6.42184e-05
1.48285e-06
3.31825e-06
3.43463e-06
9.71917e-07
3.95548e-06
8.20423e-07
2.78306e-06
4.66686e-07
9.96916e-05
5.99461e-07
8.9757e-06
2.7459e-06
3.63175e-07
2.75997e-06
9.07501e-06
3.24826e-07
6.34299e-06
1.3121e-06
4.13126e-07
1.47398e-05
2.22963e-05
1.24155e-05
2.04304e-06
5.57558e-06
2.84681e-05
3.47604e-06
3.49156e-06
7.70852e-06
9.12043e-06
7.38111e-06
1.61225e-06
7.36409e-07
7.81127e-07
1.50441e-06
1.98093e-06
2.1649e-06
2.98697e-06
3.9922e-06
3.73184e-07
6.44165e-06
3.44641e-05
1.75444e-05
1.9425e-07
1.16078e-05
3.08241e-07
3.03673e-06
1.54272e-06
4.39862e-06
5.35703e-07
5.21137e-07
7.92248e-07
1.30678e-06
2.50384e-07
3.35392e-07
1.15691e-05
9.33603e-07
1.96144e-07
3.48734e-06
1.4031e-06
8.188e-07
7.73116e-05
2.62858e-06
1.59956e-06
5.22457e-06
2.34137e-06
7.51822e-07
4.9895e-07
2.36818e-06
1.92343e-06
6.42285e-07
8.765e-07
0.000308835
2.27928e-06
9.12601e-06
